pelvis_tilt.offset              	-0.011910021	-0.010253673	0.0011777028	
hip_flexion_r.offset            	0.017157512	0.015084015	0.0012115006	
knee_angle_r.offset             	0.023377887	0.024846002	0.0011726723	
ankle_angle_r.offset            	0.0082555104	0.007888126	0.0012910718	
hip_flexion_l.offset            	-0.051446049	-0.050957858	0.0012878191	
knee_angle_l.offset             	-0.027647982	-0.029339296	0.0012766701	
ankle_angle_l.offset            	0.084483722	0.085804837	0.0013623945	
stance_load_threshold           	0.36302411	0.36353346	0.0012455984	
S11111.tib_ant.KL               	0.68106393	0.68333137	0.0015393239	
S11111.tib_ant.L0               	0.56308104	0.56066848	0.0013109119	
S11111.tib_ant.KF               	0.51115647	0.51145292	0.0011682894	
S11111.soleus.KL                	0.70971662	0.70798582	0.0016376748	
S11111.soleus.L0                	0.8721888	0.87126029	0.0015583943	
S11111.soleus.KF                	0.95010531	0.94934306	0.0022850513	
S11111.gastroc.KL               	0.43450925	0.43549092	0.0012286211	
S11111.gastroc.L0               	0.62535521	0.62487327	0.0015122275	
S11111.gastroc.KF               	0.74822831	0.74874782	0.0018384345	
S11111.tib_ant-soleus.KL        	-0.050968794	-0.050772325	0.0012966835	
S11111.tib_ant-soleus.KF        	-0.90903155	-0.90643774	0.002557907	
S11111.tib_ant-gastroc.KL       	-0.019019612	-0.017027218	0.0012419324	
S11111.tib_ant-gastroc.KF       	-0.59452644	-0.59286737	0.0017303751	
S11111.soleus-tib_ant.KF        	-0.6793511	-0.68102741	0.0016183753	
S11111.gastroc-tib_ant.KF       	-0.71266285	-0.71295037	0.0019703831	
S00011.vasti.KL                 	2.1568011	2.1525515	0.0051469044	
S00011.vasti.L0                 	0.61641482	0.61718159	0.0011111342	
S00011.vasti.KF                 	0.82859736	0.82849749	0.0020569316	
S00011.iliopsoas.KL             	1.6859755	1.6891201	0.0050533977	
S00011.iliopsoas.L0             	0.87641224	0.87699155	0.0015161734	
S00011.rect_fem.KL              	0.16094029	0.15876931	0.0013296535	
S00011.rect_fem.L0              	0.57123521	0.5713023	0.0013055169	
S00011.hamstrings.KL            	0.80698277	0.80392562	0.0018029075	
S00011.hamstrings.L0            	0.73755663	0.73733718	0.0016155592	
S00011.bifemsh.KF               	0.10881893	0.10807168	0.0013291571	
S00011.glut_max.KL              	0.48053642	0.48116993	0.0012540346	
S00011.glut_max.L0              	1.0236776	1.0207593	0.0025396544	
S00011.hamstrings-pelvis_tilt.KP	1.2147948	1.2087096	0.0031707917	
S00011.hamstrings-pelvis_tilt.KV	0.15670352	0.15578162	0.0012428807	
S00011.glut_max-pelvis_tilt.KP  	1.1157693	1.1142797	0.0023018703	
S00011.rect_fem-pelvis_tilt.KP  	-0.98743721	-0.98891886	0.0026962165	
S00011.rect_fem-pelvis_tilt.KV  	0.02362061	0.023538524	0.0011551195	
S11100.iliopsoas.KL             	0.98267705	0.98178687	0.0023550218	
S11100.iliopsoas.L0             	0.69901792	0.69787502	0.0017706075	
S11100.rect_fem.KL              	0.4653518	0.46529054	0.0012397365	
S11100.rect_fem.L0              	1.3613138	1.3593763	0.0030226593	
S11100.iliopsoas-pelvis_tilt.KP 	1.8994046	1.8924582	0.0041132172	
S11100.iliopsoas-pelvis_tilt.KV 	0.2515292	0.25176365	0.0012077375	
S11100.iliopsoas-hamstrings.KL  	-3.234973	-3.2424728	0.007104189	
S11100.iliopsoas-hamstrings.L0  	0.68391668	0.68698173	0.0014310331	
S11100.hamstrings.KL            	0.27089812	0.27118005	0.0011350206	
S11100.hamstrings.L0            	1.3316388	1.328564	0.0029740507	
S11100.bifemsh.KF               	0.19507999	0.19312408	0.0012114515	
S11100.glut_max.KL              	1.1287504	1.1318019	0.0025037746	
S11100.glut_max.L0              	0.83477332	0.83228485	0.0018453758	
